image: stage_empty_new.png
resolution: 0.01019613259
origin: [0.000000, 0.000000, 0.000000]
negate: 0
occupied_thresh: 0.65
free_thresh: 0.196

